base 20 4
00 起點 0
01 基隆 1 2600 10 1000 3000 5000
02 台北 1 2500 20 500 1000 3000
03 新北 1 2400 30 600 1200 3200
04 桃園 1 2300 40 1000 3000 5000
05 中壢 1 2200 50 1000 3000 5000
06 新竹 1 2100 60 1000 3000 5000
07 苗栗 1 2000 70 1000 3000 5000
08 台中 1 1900 80 1000 3000 5000
09 機會 -2
10 南投 1 1700 100 1000 3000 5000
11 雲林 1 1600 110 1000 3000 5000
12 嘉義 1 1500 120 1000 3000 5000
13 命運 -1
14 高雄 1 1300 140 1000 3010 5000
15 屏東 1 1200 150 1000 3000 5000
16 恆春 1 1100 160 1000 3000 5000
17 台東 1 1000 170 1000 3000 5000
18 花蓮 1 900 180 1000 3000 5000
19 命運 -1
20 金門 1 700 200 1060 3000 5000
21 馬祖 1 600 210 1000 3000 5000
22 綠島 1 500 220 1000 3000 5000
23 蘭嶼 1 400 230 1000 3000 5000
24 機會 -2
25 東沙環礁 1 200 250 1000 3000 5000
26 太平島 1 100 260 1000 3000 5000
27 龜山島 1 50 270 1000 3000 5000
playerstate 0
0 00 3000 01 3 02 1 04 0
1 21 30000 07 1
2 24 15000 09 2
3 27 300
bank
0 100
1 2000
2 10000
3 10
stock
0 20 50 80
1 0 10 70
2 100 200 300
3 7 50 899
item
0 1 2 3 4 5
1 10 20 30 40 5
2 0 100 2 50 0
3 10 0 10 0 100